gameT,hitTime,drift,musicT,lane,laneLabel,type
0.5067,0.4986,0.0081,0.7626,0,A,TAP
4.176,4.1558,0.0202,4.432,0,A,TAP
7.8933,7.8768,0.0165,8.1493,0,A,TAP
11.552,11.5397,0.0123,11.808,0,A,TAP
13.424,13.4031,0.0209,13.68,0,A,TAP
15.2587,15.2549,0.0038,15.5146,0,A,TAP
16.4267,16.3985,0.0282,16.6826,1,S,TAP
17.0933,17.0777,0.0156,17.3493,0,A,TAP
18.2613,18.2503,0.011,18.5173,0,A,TAP
18.9333,18.9179,0.0154,19.1893,2,D,TAP
20.1067,20.0789,0.0278,20.3626,0,A,TAP
20.768,20.7581,0.0099,21.024,1,S,TAP
21.9253,21.9191,0.0062,22.1813,0,A,TAP
22.6453,22.6157,0.0296,22.9013,0,A,TAP
23.7653,23.765,0.0003,24.0213,1,S,TAP
24.48,24.45,0.03,24.736,0,A,TAP
25.6427,25.611,0.0317,25.8986,0,A,TAP
26.352,26.3425,0.0095,26.608,2,D,TAP
27.5253,27.4977,0.0276,27.7813,0,A,TAP
28.1547,28.1536,0.0011,28.4106,1,S,TAP
30.032,30.017,0.015,30.288,0,A,TAP
31.1893,31.1548,0.0345,31.4453,0,A,TAP
31.8987,31.8572,0.0415,32.1546,1,S,TAP
33.0187,33.0008,0.0179,33.2746,0,A,TAP
33.7227,33.7032,0.0195,33.9786,0,A,TAP
34.88,34.8642,0.0158,35.136,2,D,TAP
35.552,35.5434,0.0086,35.808,0,A,TAP
36.7627,36.7276,0.0351,37.0186,1,S,TAP
36.8427,36.8205,0.0222,37.0986,0,A,TAP
37.3867,37.3777,0.009,37.6426,0,A,TAP
38.544,38.5387,0.0053,38.8,0,A,TAP
39.2533,39.2469,0.0064,39.5093,1,S,TAP
40.416,40.3847,0.0313,40.672,0,A,TAP
40.5387,40.5124,0.0263,40.7946,0,A,TAP
41.0827,41.0755,0.0072,41.3386,2,D,TAP
42.2453,42.2365,0.0088,42.5013,0,A,TAP
42.368,42.3584,0.0096,42.624,1,S,TAP
42.9493,42.9215,0.0278,43.2053,0,A,TAP
44.1067,44.0999,0.0068,44.3626,0,A,TAP
44.784,44.7675,0.0165,45.04,1,S,TAP
45.9573,45.9227,0.0346,46.2133,0,A,TAP
46.6293,46.6251,0.0042,46.8853,0,A,TAP
47.7867,47.7687,0.018,48.0426,1,S,TAP
47.9093,47.8964,0.0129,48.1653,0,A,TAP
48.4907,48.4769,0.0138,48.7466,0,A,TAP
49.648,49.6205,0.0275,49.904,2,D,TAP
49.7707,49.7308,0.0399,50.0266,0,A,TAP
50.3573,50.3229,0.0344,50.6133,1,S,TAP
51.5147,51.4723,0.0424,51.7706,0,A,TAP
54.544,54.009,0.535,54.8,0,A,TAP
54.544,53.3124,1.2316,54.8,0,A,TAP
58.5547,57.7126,0.8421,58.8106,2,D,TAP
58.5547,57.0044,1.5503,58.8106,0,A,TAP
58.5547,55.8608,2.6939,58.8106,0,A,TAP
58.5547,55.1584,3.3963,58.8106,1,S,TAP
66.56,66.3562,0.2038,66.816,2,D,TAP
66.56,66.2576,0.3024,66.816,0,A,TAP
66.56,65.0966,1.4634,66.816,0,A,TAP
66.56,64.876,1.684,66.816,1,S,TAP
66.56,64.5335,2.0265,66.816,0,A,TAP
66.56,64.4116,2.1484,66.816,0,A,TAP
66.56,64.3013,2.2587,66.816,1,S,TAP
66.56,64.1852,2.3748,66.816,0,A,TAP
66.56,64.0749,2.4851,66.816,2,D,TAP
66.56,63.953,2.607,66.816,0,A,TAP
66.56,63.2506,3.3094,66.816,0,A,TAP
66.56,62.5656,3.9944,66.816,1,S,TAP
66.56,61.4046,5.1554,66.816,0,A,TAP
66.56,61.1898,5.3702,66.816,0,A,TAP
66.56,60.8299,5.7301,66.816,0,A,TAP
66.56,60.7196,5.8404,66.816,0,A,TAP
66.56,60.6151,5.9449,66.816,1,S,TAP
66.56,60.4932,6.0668,66.816,0,A,TAP
66.56,60.3771,6.1829,66.816,0,A,TAP
66.56,60.2668,6.2932,66.816,1,S,TAP
66.56,59.5586,7.0014,66.816,0,A,TAP
82.5333,81.6814,0.8519,82.7893,2,D,TAP
82.5333,80.6713,1.862,82.7893,0,A,TAP
82.5333,79.8703,2.663,82.7893,0,A,TAP
82.5333,79.1679,3.3654,82.7893,1,S,TAP
82.5333,77.9952,4.5381,82.7893,0,A,TAP
82.5333,77.3219,5.2114,82.7893,0,A,TAP
82.5333,76.1493,6.384,82.7893,0,A,TAP
82.5333,75.4643,7.069,82.7893,1,S,TAP
82.5333,74.3149,8.2184,82.7893,0,A,TAP
82.5333,73.6357,8.8976,82.7893,2,D,TAP
82.5333,72.4747,10.0586,82.7893,0,A,TAP
82.5333,71.9,10.6333,82.7893,0,A,TAP
82.5333,71.7723,10.761,82.7893,1,S,TAP
82.5333,70.6113,11.922,82.7893,0,A,TAP
82.5333,69.9379,12.5954,82.7893,0,A,TAP
82.5333,68.7711,13.7622,82.7893,0,A,TAP
82.5333,68.1152,14.4181,82.7893,1,S,TAP
82.5333,66.96,15.5733,82.7893,0,A,TAP
114.5653,100.1587,14.4066,114.8213,1,S,TAP
114.5653,99.5956,14.9697,114.8213,0,A,TAP
114.5653,99.4621,15.1032,114.8213,2,D,TAP
114.5653,98.3011,16.2642,114.8213,0,A,TAP
114.5653,97.6335,16.9318,114.8213,0,A,TAP
114.5653,96.4783,18.087,114.8213,1,S,TAP
114.5653,94.6207,19.9446,114.8213,0,A,TAP
114.5653,93.9241,20.6412,114.8213,0,A,TAP
114.5653,92.7689,21.7964,114.8213,1,S,TAP
114.5653,92.2175,22.3478,114.8213,0,A,TAP
114.5653,92.0781,22.4872,114.8213,0,A,TAP
114.5653,90.9578,23.6075,114.8213,1,S,TAP
114.5653,90.267,24.2983,114.8213,0,A,TAP
114.5653,89.0828,25.4825,114.8213,2,D,TAP
114.5653,88.5197,26.0456,114.8213,0,A,TAP
114.5653,88.3804,26.1849,114.8213,0,A,TAP
114.5653,87.2252,27.3401,114.8213,1,S,TAP
114.5653,86.5344,28.0309,114.8213,0,A,TAP
114.5653,85.385,29.1803,114.8213,0,A,TAP
114.5653,84.8335,29.7318,114.8213,0,A,TAP
114.5653,84.729,29.8363,114.8213,0,A,TAP
114.5653,83.5738,30.9915,114.8213,1,S,TAP
114.5653,82.8482,31.7171,114.8213,0,A,TAP
142.0693,108.6862,33.3831,142.3253,1,S,TAP
142.0693,107.5368,34.5325,142.3253,0,A,TAP
142.0693,106.9738,35.0955,142.3253,0,A,TAP
142.0693,106.8402,35.2291,142.3253,1,S,TAP
142.0693,105.685,36.3843,142.3253,0,A,TAP
142.0693,105.1278,36.9415,142.3253,2,D,TAP
142.0693,105.0059,37.0634,142.3253,0,A,TAP
142.0693,103.8797,38.1896,142.3253,0,A,TAP
142.0693,103.1541,38.9152,142.3253,1,S,TAP
142.0693,102.0395,40.0298,142.3253,0,A,TAP
142.0693,101.3081,40.7612,142.3253,0,A,TAP
142.6133,116.8074,25.8059,142.8693,1,S,TAP
142.6133,116.1921,26.4212,142.8693,0,A,TAP
142.6133,116.076,26.5373,142.8693,0,A,TAP
142.6133,114.915,27.6983,142.8693,1,S,TAP
142.6133,114.3577,28.2556,142.8693,0,A,TAP
142.6133,114.2416,28.3717,142.8693,2,D,TAP
142.6133,113.0806,29.5327,142.8693,0,A,TAP
142.6133,112.384,30.2293,142.8693,0,A,TAP
142.6133,111.2172,31.3961,142.8693,1,S,TAP
142.6133,110.538,32.0753,142.8693,0,A,TAP
142.6133,109.4002,33.2131,142.8693,0,A,TAP
142.6133,123.4773,19.136,142.8693,0,A,TAP
142.6133,122.3105,20.3028,142.8693,1,S,TAP
142.6133,121.7416,20.8717,142.8693,0,A,TAP
142.6133,121.6255,20.9878,142.8693,2,D,TAP
142.6133,120.4762,22.1371,142.8693,0,A,TAP
142.6133,119.8957,22.7176,142.8693,0,A,TAP
142.6133,118.6302,23.9831,142.8693,1,S,TAP
142.6133,118.0439,24.5694,142.8693,0,A,TAP
142.6133,117.9336,24.6797,142.8693,0,A,TAP
142.6133,132.7247,9.8886,142.8693,0,A,TAP
142.6133,131.5405,11.0728,142.8693,1,S,TAP
142.6133,130.8264,11.7869,142.8693,0,A,TAP
142.6133,129.7119,12.9014,142.8693,2,D,TAP
142.6133,129.1198,13.4935,142.8693,0,A,TAP
142.6133,129.0153,13.598,142.8693,0,A,TAP
142.6133,127.8659,14.7474,142.8693,1,S,TAP
142.6133,127.1577,15.4556,142.8693,0,A,TAP
142.6133,126.0373,16.576,142.8693,0,A,TAP
142.656,140.7762,1.8798,142.912,0,A,TAP
142.656,138.9128,3.7432,142.912,1,S,TAP
142.656,138.2162,4.4398,142.912,0,A,TAP
142.656,137.0726,5.5834,142.912,2,D,TAP
142.656,136.5211,6.1349,142.912,0,A,TAP
142.656,136.3876,6.2684,142.912,0,A,TAP
142.656,135.2499,7.4061,142.912,1,S,TAP
142.656,134.5765,8.0795,142.912,0,A,TAP
142.656,133.4213,9.2347,142.912,0,A,TAP
155.5733,155.5557,0.0176,155.8293,0,A,TAP
156.7147,156.7109,0.0038,156.9706,0,A,TAP
157.3813,157.3785,0.0028,157.6373,0,A,TAP
158.5493,158.5453,0.004,158.8053,0,A,TAP
159.2533,159.2361,0.0172,159.5093,1,S,TAP
160.4267,160.3913,0.0354,160.6826,0,A,TAP
161.088,161.0879,0.0001,161.344,0,A,TAP
162.2613,162.2605,0.0008,162.5173,2,D,TAP
162.3467,162.3301,0.0166,162.6026,0,A,TAP
162.9653,162.9629,0.0024,163.2213,1,S,TAP
164.0853,164.0716,0.0137,164.3413,0,A,TAP
165.968,165.935,0.033,166.224,0,A,TAP
166.6453,166.6316,0.0137,166.9013,0,A,TAP
167.808,167.7694,0.0386,168.064,1,S,TAP
168.5227,168.5008,0.0219,168.7786,0,A,TAP
169.648,169.6154,0.0326,169.904,0,A,TAP
170.352,170.3062,0.0458,170.608,2,D,TAP
171.4773,171.473,0.0043,171.7333,0,A,TAP
171.6,171.5659,0.0341,171.856,1,S,TAP
172.1813,172.1406,0.0407,172.4373,0,A,TAP
173.344,173.3248,0.0192,173.6,0,A,TAP
174.016,174.0098,0.0062,174.272,0,A,TAP
175.184,175.1591,0.0249,175.44,1,S,TAP
175.2693,175.252,0.0173,175.5253,0,A,TAP
175.8507,175.8441,0.0066,176.1066,0,A,TAP
177.0507,177.0225,0.0282,177.3066,2,D,TAP
177.7173,177.7017,0.0156,177.9733,0,A,TAP
178.8907,178.8569,0.0338,179.1466,1,S,TAP
179.5573,179.5477,0.0096,179.8133,0,A,TAP
180.72,180.7087,0.0113,180.976,0,A,TAP
181.4347,181.3937,0.041,181.6906,0,A,TAP
182.5973,182.5605,0.0368,182.8533,0,A,TAP
183.2587,183.2281,0.0306,183.5146,1,S,TAP
185.0933,185.0683,0.025,185.3493,0,A,TAP
186.2613,186.2467,0.0146,186.5173,0,A,TAP
186.9653,186.9317,0.0336,187.2213,2,D,TAP
188.1333,188.1159,0.0174,188.3893,0,A,TAP
188.7947,188.7544,0.0403,189.0506,1,S,TAP
189.9627,189.9561,0.0066,190.2186,0,A,TAP
190.624,190.6236,0.0004,190.88,0,A,TAP
191.8027,191.7904,0.0123,192.0586,1,S,TAP
193.664,193.6306,0.0334,193.92,0,A,TAP
194.3733,194.3388,0.0345,194.6293,0,A,TAP
195.4933,195.4708,0.0225,195.7493,2,D,TAP
196.1653,196.1616,0.0037,196.4213,0,A,TAP
197.36,197.3458,0.0142,197.616,0,A,TAP
198.0267,198.0192,0.0075,198.2826,0,A,TAP